000000000000000000000000000000000000000001110000110011010000010000000000000000000000000000000000010000000000001000000000000000000000000000000000001000000000101000000000000000000000000000000000000000000000000000000000000000000000101000111000000000000000001111000000000000000000000000000000000000000011110100000000000000000000000000000000000000000000000000000000000101000000000000000000
000000000000000000000000000000000000000001110000110011010000010000000000000000000000001000000000010000000000010000000000000000000000000000000000001000000010001000000000000000000000000000000000000010010000100100001001000010010000101000111000000000000000001111000000000000000000000000000000000000000011110101000000000000000000000000000000000000000000000000000000000101000000000000000000
000000000000000000000000000000000000000001110000110011010000010000000000000000000000000000000000010000000000001000000000000000000000000000000000001000000000101000000000000000000000000000001000000000000000000000000000000000000000101000111000000000000000001111000000000000000000000000000000000000000011110100000000000000000000000000000000000000000000000000000000000101000000000000000000
000000000000000000000000000000000000000001110000110011010000010000000000000000000000001000000000010000000000010000000000000000000000000000000000001000000010001000000000000000010000000000001000000010010001000100001001000010000000101000111000000000000000001111000000000000000000000000000000000000000011110101000000000000000000000000000000000000000000000000000000000101000000000000000000
000000000000000000000000000000000000000001110000110011010000010000000000000000000000000000000000010000000000001000000000000000000000000000000000001000000000101000000000000000000000000000010000000000000000000000000000000000000000101000111000000000000000001111000000000000000000000000000000000000000011110100000000000000000000000000000000000000000000000000000000000101000000000000000000
000000000000000000000000000000000000000001110000110011010000010000000000000000000000001000000000010000000000010000000000000000000000000000000000001000000010001000000000000000010000000000010000000010010001100100001001000010000000101000111000000000000000001111000000000000000000000000000000000000000011110101000000000000000000000000000000000000000000000000000000000101000000000000000000
000000000000000000000000000000000000000001110000110011010000010000000000000000000000000000000000010000000000001000000000000000000000000000000000001000000000101000000000000000000000000000011000000000000000000000000000000000000000101000111000000000000000001111000000000000000000000000000000000000000011110100000000000000000000000000000000000000000000000000000000000101000000000000000000
000000000000000000000000000000000000000001110000110011010000010000000000000000000000001000000000010000000000010000000000000000000000000000000000001000000010001000000000000000010000000000011000000010010010001000001001000010010000101000111000000000000000001111000000000000000000000000000000000000000011110101000000000000000000000000000000000000000000000000000000000101000000000000000000
000000000000000000000000000000000000000001110000110011010000010000000000000000000000000000000000010000000000001000000000000000000000000000000000001000000000101000000000000000000000100000000000000000000000000000000000000000000000101000111000000000000000001111000000000000000000000000000000000000000011110100000000000000000000000000000000000000000000000000000000000101000000000000000000
000000000000000000000000000000000000000001110000110011010000010000000000000000000000001000000000010000000000010000000000000000000000000000000000001000000010001000000001000000000000100000000000000100010000100100001000000010010000101000111000000000000000001111000000000000000000000000000000000000000011110101000000000000000000000000000000000000000000000000000000000101000000000000000000
000000000000000000000000000000000000000001110000110011010000010000000000000000000000000000000000010000000000001000000000000000000000000000000000001000000000101000000000000000000000100000001000000000000000000000000000000000000000101000111000000000000000001111000000000000000000000000000000000000000011110100000000000000000000000000000000000000000000000000000000000101000000000000000000
000000000000000000000000000000000000000001110000110011010000010000000000000000000000001000000000010000000000010000000000000000000000000000000000001000000010001000000001000000010000100000001000000100010001000100001000000010000000101000111000000000000000001111000000000000000000000000000000000000000011110101000000000000000000000000000000000000000000000000000000000101000000000000000000
000000000000000000000000000000000000000001110000110011010000010000000000000000000000000000000000010000000000001000000000000000000000000000000000001000000000101000000000000000000000100000010000000000000000000000000000000000000000101000111000000000000000001111000000000000000000000000000000000000000011110100000000000000000000000000000000000000000000000000000000000101000000000000000000
000000000000000000000000000000000000000001110000110011010000010000000000000000000000001000000000010000000000010000000000000000000000000000000000001000000010001000000001000000010000100000010000000100010001100100001000000010000000101000111000000000000000001111000000000000000000000000000000000000000011110101000000000000000000000000000000000000000000000000000000000101000000000000000000
000000000000000000000000000000000000000001110000110011010000010000000000000000000000000000000000010000000000001000000000000000000000000000000000001000000000101000000000000000000000100000011000000000000000000000000000000000000000101000111000000000000000001111000000000000000000000000000000000000000011110100000000000000000000000000000000000000000000000000000000000101000000000000000000
000000000000000000000000000000000000000001110000110011010000010000000000000000000000001000000000010000000000010000000000000000000000000000000000001000000010001000000001000000010000100000011000000100010010001000001000000010010000101000111000000000000000001111000000000000000000000000000000000000000011110101000000000000000000000000000000000000000000000000000000000101000000000000000000
000000000000000000000000000000000000000001010000110011010001000000000000000000000000000000000000000010000000010000000000000000000000000000000000010000001110011000000000000000000001000000000000000000000000000000000000000000000010001000111000000000000000001000000000000000000000000000000000000000000011110000000000000000000000000000000000000000000000000000000000000101000000000000000000
000000000000000000000000000000000000000001000000110011010000010000000000000000000000000000000000010000000000001000000000000000000000000000000000001000000000101000000000000000000001000000000000000000000000000000000000000000000000101000111000000000000000001111000000000000000000000000000000000000000011110100000000000000000000000000000000000000000000000000000000000101000000000000000000
000000000000000000000000000000000000000001110000110011010000010000000000000000000000001000000000010000000000010000000000000000000000000000000000001000000010001000000001000000000001000000000000000110010000100100001000000010010000101000111000000000000000001111000000000000000000000000000000000000000011110101000000000000000000000000000000000000000000000000000000000101000000000000000000
000000000000000000000000000000000000000001010000110011010001000000000000000000000000000000000000000010000000010000000000000000000000000000000000010000001110011000000000000000000001000000001000000000000000000000000000000000000010001000111000000000000000001000000000000000000000000000000000000000000011110000000000000000000000000000000000000000000000000000000000000101000000000000000000
000000000000000000000000000000000000000001000000110011010000010000000000000000000000000000000000010000000000001000000000000000000000000000000000001000000000101000000000000000000001000000001000000000000000000000000000000000000000101000111000000000000000001111000000000000000000000000000000000000000011110100000000000000000000000000000000000000000000000000000000000101000000000000000000
000000000000000000000000000000000000000001110000110011010000010000000000000000000000001000000000010000000000010000000000000000000000000000000000001000000010001000000001000000010001000000001000000110010001000100001000000010000000101000111000000000000000001111000000000000000000000000000000000000000011110101000000000000000000000000000000000000000000000000000000000101000000000000000000
000000000000000000000000000000000000000001010000110011010001000000000000000000000000000000000000000010000000010000000000000000000000000000000000010000001110011000000000000000000001000000010000000000000000000000000000000000000010001000111000000000000000001000000000000000000000000000000000000000000011110000000000000000000000000000000000000000000000000000000000000101000000000000000000
000000000000000000000000000000000000000001000000110011010000010000000000000000000000000000000000010000000000001000000000000000000000000000000000001000000000101000000000000000000001000000010000000000000000000000000000000000000000101000111000000000000000001111000000000000000000000000000000000000000011110100000000000000000000000000000000000000000000000000000000000101000000000000000000
000000000000000000000000000000000000000001110000110011010000010000000000000000000000001000000000010000000000010000000000000000000000000000000000001000000010001000000001000000010001000000010000000110010001100100001000000010000000101000111000000000000000001111000000000000000000000000000000000000000011110101000000000000000000000000000000000000000000000000000000000101000000000000000000
000000000000000000000000000000000000000001010000110011010001000000000000000000000000000000000000000010000000010000000000000000000000000000000000010000001110011000000000000000000001000000011000000000000000000000000000000000000010001000111000000000000000001000000000000000000000000000000000000000000011110000000000000000000000000000000000000000000000000000000000000101000000000000000000
000000000000000000000000000000000000000001000000110011010000010000000000000000000000000000000000010000000000001000000000000000000000000000000000001000000000101000000000000000000001000000011000000000000000000000000000000000000000101000111000000000000000001111000000000000000000000000000000000000000011110100000000000000000000000000000000000000000000000000000000000101000000000000000000
000000000000000000000000000000000000000001110000110011010000010000000000000000000000001000000000010000000000010000000000000000000000000000000000001000000010001000000001000000010001000000011000000110010010001000001000000010010000101000111000000000000000001111000000000000000000000000000000000000000011110101000000000000000000000000000000000000000000000000000000000101000000000000000000
000000000000000000000000000000000000000001110000110011010000010000000000000000000000000000000000010000000000001000000000000000000000000000000000001000000000101000000000000000000001100000000000000000000000000000000000000000000000101000111000000000000000001111000000000000000000000000000000000000000011110100000000000000000000000000000000000000000000000000000000000101000000000000000000
000000000000000000000000000000000000000001110000110011010000010000000000000000000000001000000000010000000000010000000000000000000000000000000000001000000010001000000001000000000001100000000000001000100000100100001001000010010000101000111000000000000000001111000000000000000000000000000000000000000011110101000000000000000000000000000000000000000000000000000000000101000000000000000000
000000000000000000000000000000000000000001110000110011010000010000000000000000000000000000000000010000000000001000000000000000000000000000000000001000000000101000000000000000000001100000001000000000000000000000000000000000000000101000111000000000000000001111000000000000000000000000000000000000000011110100000000000000000000000000000000000000000000000000000000000101000000000000000000
000000000000000000000000000000000000000001110000110011010000010000000000000000000000001000000000010000000000010000000000000000000000000000000000001000000010001000000001000000010001100000001000001000100001000100001001000010000000101000111000000000000000001111000000000000000000000000000000000000000011110101000000000000000000000000000000000000000000000000000000000101000000000000000000
000000000000000000000000000000000000000001110000110011010000010000000000000000000000000000000000010000000000001000000000000000000000000000000000001000000000101000000000000000000001100000010000000000000000000000000000000000000000101000111000000000000000001111000000000000000000000000000000000000000011110100000000000000000000000000000000000000000000000000000000000101000000000000000000
000000000000000000000000000000000000000001110000110011010000010000000000000000000000001000000000010000000000010000000000000000000000000000000000001000000010001000000001000000010001100000010000001000100001100100001001000010000000101000111000000000000000001111000000000000000000000000000000000000000011110101000000000000000000000000000000000000000000000000000000000101000000000000000000
000000000000000000000000000000000000000001110000110011010000010000000000000000000000000000000000010000000000001000000000000000000000000000000000001000000000101000000000000000000001100000011000000000000000000000000000000000000000101000111000000000000000001111000000000000000000000000000000000000000011110100000000000000000000000000000000000000000000000000000000000101000000000000000000
000000000000000000000000000000000000000001110000110011010000010000000000000000000000001000000000010000000000010000000000000000000000000000000000001000000010001000000001000000010001100000011000001000100010001000001001000010010000101000111000000000000000001111000000000000000000000000000000000000000011110101000000000000000000000000000000000000000000000000000000000101000000000000000000
