0 10111
1 1101
2 0100
3 0011
5 11000
6 10010
7 10001
8 00000
9 00001
87 10110010000
12 100111
14 010100
-19 1110001
17 000100
19 1110111
21 1111011
23 1100110
26 1011010
29 0010001
32 0001010
-63 10110111110
35 10110110
40 10110011
44 111101001
-83 0010000100
48 101101110
52 111101000
-71 10110111111
58 0010000110
61 10110010001
65 0010000101
11 111001
-60 1011001001
-57 1011011110
15 1110101
73 0010000111
-53 101100101
-48 00100000
-44 01011110
-41 01011111
-37 11001110
-34 11001111
-31 11110101
-28 0101110
-25 0001011
-23 1011000
-21 1110100
-1 1010
-17 1110000
-16 1110110
-14 001001
-13 001010
-11 010101
-10 010110
-9 001011
-8 100110
-7 110010
-6 111100
-5 00011
-4 10000
-3 11111
-2 011
