110001000000000
100010000000010
100010000000110
110000100000000
100001000000101
100001000000101
100001000000101
100001000000101
100000100000001
100000100000001
100000100000001
100000100000001
100000100000001
100000100000001
100000100000001
100000100000001
100000100000100
100000100000100
100000100000100
100000100000100
100000100000100
100000100000100
100000100000100
100000100000100
100000100000000
100000100000000
100000100000000
100000100000000
100000100000000
100000100000000
100000100000000
100000100000000
100001000001000
100001000001000
100001000001000
100001000001000
100010000001001
110001100000000
100001100001101
100001100001101
100001000000011
100001000000011
100001000000011
100001000000011
100001000000111
100001000000111
100001000000111
100001000000111
100001100001111
100001100001111
100001100010110
100001100010110
100001000001100
100001000001100
100001000001100
100001000001100
100000100001110
100000100001110
100000100001110
100000100001110
100000100001110
100000100001110
100000100001110
100000100001110
